      0/24     3.62G   0.05999   0.03497   0.04798    0.1429       284       640    0.1118   0.04887  0.006685  0.002554   0.07491   0.04785   0.04952
      1/24     24.3G   0.04466   0.03921    0.0393    0.1232       280       640    0.4571    0.0925   0.06044   0.03159   0.06348   0.04706   0.04246
      2/24       22G   0.04054   0.03775   0.03078    0.1091       291       640    0.3003    0.2204    0.1696   0.09825   0.05734   0.04585   0.03321
      3/24       22G   0.03721   0.03631   0.02458    0.0981       233       640    0.4301    0.3018    0.2852    0.1757    0.0531   0.04491   0.02691
      4/24       22G   0.03484   0.03528   0.02137   0.09149       269       640     0.479    0.3523    0.3546    0.2245   0.05107   0.04415   0.02399
      5/24       22G   0.03345   0.03466   0.01947   0.08759       209       640    0.5189    0.3888    0.3966    0.2545   0.04968   0.04391   0.02237
      6/24       22G   0.03253   0.03405   0.01833   0.08492       221       640    0.5409    0.4135    0.4219    0.2738   0.04886   0.04367    0.0214
      7/24       22G   0.03183   0.03385    0.0174   0.08309       215       640    0.5526    0.4249    0.4396     0.287   0.04829   0.04351   0.02078
      8/24       22G   0.03133   0.03343   0.01669   0.08145       302       640    0.5593    0.4344    0.4517    0.2964    0.0479   0.04338   0.02033
      9/24       22G   0.03076   0.03304   0.01612   0.07992       261       640    0.5611    0.4444    0.4611    0.3042    0.0476   0.04327   0.01996
     10/24       22G   0.03034   0.03278   0.01558   0.07871       240       640    0.5839    0.4419    0.4696    0.3107   0.04733   0.04319   0.01961
     11/24       22G   0.02994   0.03256   0.01504   0.07753       209       640    0.5684     0.463     0.478    0.3174   0.04706   0.04312   0.01927
     12/24       22G   0.02961   0.03234   0.01469   0.07665       200       640      0.59     0.461    0.4857    0.3236   0.04681    0.0431   0.01894
     13/24       22G   0.02929   0.03202    0.0143   0.07561       299       640    0.6056    0.4632    0.4946    0.3306   0.04657   0.04308   0.01859
     14/24       22G    0.0289    0.0317   0.01391   0.07452       244       640    0.6078    0.4714    0.5024    0.3372   0.04635   0.04306   0.01827
     15/24       22G    0.0286   0.03152   0.01353   0.07365       233       640    0.6286    0.4628    0.5104    0.3436   0.04612   0.04311   0.01795
     16/24       22G   0.02831   0.03134   0.01312   0.07278       264       640    0.6267    0.4755     0.518    0.3498   0.04588   0.04314   0.01764
     17/24       22G   0.02806   0.03109   0.01278   0.07192       199       640    0.6401     0.476    0.5263    0.3561   0.04568   0.04319   0.01734
     18/24       22G   0.02777   0.03077   0.01247   0.07102       184       640    0.6286    0.4922    0.5346    0.3629   0.04547   0.04324   0.01706
     19/24       22G   0.02752   0.03042   0.01213   0.07007       235       640    0.6152    0.5096    0.5417    0.3691   0.04529   0.04329   0.01679
     20/24       22G    0.0273    0.0303   0.01181   0.06941       267       640    0.6383    0.5089    0.5494    0.3751   0.04511   0.04334   0.01654
     21/24       22G   0.02706   0.02998   0.01143   0.06847       248       640    0.6345    0.5215    0.5564    0.3804   0.04495    0.0434    0.0163
     22/24       22G   0.02684   0.02968   0.01121   0.06773       174       640    0.6362    0.5276    0.5632    0.3857   0.04481   0.04345   0.01608
     23/24       22G   0.02667   0.02951   0.01097   0.06715       267       640    0.6626    0.5195    0.5697    0.3909   0.04469   0.04348    0.0159
     24/24       22G   0.02653   0.02935   0.01074   0.06663       346       640    0.6582    0.5271    0.5755    0.3959   0.04459    0.0435   0.01573
